name: doublefusion
channels:
- conda-forge
- defaults
dependencies:
- ca-certificates=2018.4.16=0
- cycler=0.10.0=py36_0
- freetype=2.8.1=vc14_0
- h5py=2.8.0=py36hb24199d_1
- hdf5=1.10.2=vc14_0
- icu=58.2=vc14_0
- joblib=0.12=py_0
- jpeg=9b=vc14_2
- kiwisolver=1.0.1=py36_1
- libgpuarray=0.7.6=vc14_0
- libpng=1.6.34=vc14_0
- mako=1.0.7=py36_0
- markupsafe=1.0=py36_0
- matplotlib=2.2.2=py36_1
- openssl=1.0.2o=vc14_0
- pandas=0.23.1=py36_0
- patsy=0.5.0=py36_0
- pygpu=0.7.6=py36_0
- pymc3=3.4.1=py36_0
- pyparsing=2.2.0=py36_0
- pyqt=5.6.0=py36_5
- pyreadline=2.1=py36_0
- python-dateutil=2.7.3=py_0
- pytz=2018.4=py_0
- qt=5.6.2=vc14_1
- sip=4.18=py36_1
- six=1.11.0=py36_1
- theano=1.0.2=py36_0
- tornado=5.0.2=py36_0
- tqdm=4.23.4=py_0
- zlib=1.2.11=vc14_0
- certifi=2016.2.28=py36_0
- libpython=2.0=py36_0
- m2w64-binutils=2.25.1=5
- m2w64-bzip2=1.0.6=6
- m2w64-crt-git=5.0.0.4636.2595836=2
- m2w64-gcc=5.3.0=6
- m2w64-gcc-ada=5.3.0=6
- m2w64-gcc-fortran=5.3.0=6
- m2w64-gcc-libgfortran=5.3.0=6
- m2w64-gcc-libs=5.3.0=7
- m2w64-gcc-libs-core=5.3.0=7
- m2w64-gcc-objc=5.3.0=6
- m2w64-gmp=6.1.0=2
- m2w64-headers-git=5.0.0.4636.c0ad18a=2
- m2w64-isl=0.16.1=2
- m2w64-libiconv=1.14=6
- m2w64-libmangle-git=5.0.0.4509.2e5a9a2=2
- m2w64-libwinpthread-git=5.0.0.4634.697f757=2
- m2w64-make=4.1.2351.a80a8b8=2
- m2w64-mpc=1.0.3=3
- m2w64-mpfr=3.1.4=4
- m2w64-pkg-config=0.29.1=2
- m2w64-toolchain=5.3.0=7
- m2w64-tools-git=5.0.0.4592.90b8472=2
- m2w64-windows-default-manifest=6.4=3
- m2w64-winpthreads-git=5.0.0.4634.697f757=2
- m2w64-zlib=1.2.8=10
- mkl=2017.0.3=0
- mkl-service=1.1.2=py36_3
- msys2-conda-epoch=20160418=1
- numpy=1.13.1=py36_0
- pip=9.0.1=py36_1
- python=3.6.2=0
- scipy=0.19.1=np113py36_0
- setuptools=36.4.0=py36_1
- vc=14=0
- vs2015_runtime=14.0.25420=0
- wheel=0.29.0=py36_0
- wincertstore=0.2=py36_0
prefix: C:\Users\Rui\AppData\Local\conda\conda\envs\doublefusion

